Iteracion: 0
Instancia: M_2.txt Manhattan
Filas: 17 Columnas: 17
Entrada / Salida: (4,0) / (12,16)
1 1 1 1 1 1 1 1 1 1 1 1 1 1 1 1 1 
1 0 0 0 1 0 0 0 0 0 0 0 0 0 0 0 1 
1 0 0 0 1 0 0 0 0 0 0 0 0 0 0 0 1 
1 0 0 0 1 0 0 0 0 0 0 0 0 0 0 0 1 
* 0 0 0 1 0 0 0 1 0 0 0 1 1 1 1 1 
1 * 0 0 1 0 0 0 1 0 0 0 1 0 0 0 1 
1 * 0 0 1 0 0 0 1 0 0 0 1 0 0 0 1 
1 0 * 0 1 0 0 0 1 0 0 0 1 0 0 0 1 
1 0 0 * 1 1 1 1 1 0 0 0 1 0 0 0 1 
1 0 0 0 * 0 0 0 0 0 0 0 1 0 0 0 1 
1 0 0 0 0 * 0 0 0 0 0 0 1 0 0 0 1 
1 0 0 0 0 0 * * * 0 0 0 1 0 0 0 1 
1 0 0 0 1 1 1 1 1 * * * 1 * * * * 
1 0 0 0 1 0 0 0 0 0 0 0 * 0 0 0 1 
1 0 0 0 1 0 0 0 0 0 0 0 0 0 0 0 1 
1 0 0 0 1 0 0 0 0 0 0 0 0 0 0 0 1 
1 1 1 1 1 1 1 1 1 1 1 1 1 1 1 1 1 
Camino: (4,0) -> (5,1) -> (6,1) -> (7,2) -> (8,3) -> (9,4) -> (10,5) -> (11,6) -> (11,7) -> (11,8) -> (12,9) -> (12,10) -> (12,11) -> (13,12) -> (12,13) -> (12,14) -> (12,15) -> (12,16) -> 
Coste: 103
Nodos generados: 149
Nodos inspeccionados: 92


Iteracion: 1
Instancia: M_2.txt Manhattan
Filas: 17 Columnas: 17
Entrada / Salida: (4,0) / (12,16)
1 1 1 1 1 1 1 1 1 1 1 1 1 1 1 1 1 
1 0 0 0 1 0 0 0 0 0 0 0 0 0 0 0 1 
1 0 0 0 1 0 0 0 0 0 0 0 0 0 0 0 1 
1 0 0 0 1 0 0 0 0 0 0 0 0 0 0 0 1 
* 0 0 0 1 0 0 0 1 0 0 0 1 1 1 1 1 
1 * 0 0 1 0 0 0 1 0 0 0 1 0 0 0 1 
1 * * 0 1 0 0 0 1 0 0 0 1 0 0 0 1 
1 0 * * 1 0 0 0 1 0 0 0 1 0 0 0 1 
1 0 0 * 1 1 1 1 1 0 0 0 1 0 0 0 1 
1 0 0 0 * * 0 0 0 0 0 0 1 0 0 0 1 
1 0 0 0 0 * * * * 0 0 0 1 0 0 0 1 
1 0 0 0 0 0 * * * * * 0 1 0 0 0 1 
1 0 0 0 1 1 1 1 1 * * * 1 * * * * 
1 0 0 0 1 0 0 0 0 0 0 0 * * 0 0 1 
1 0 0 0 1 0 0 0 0 0 0 0 0 0 0 0 1 
1 0 0 0 1 0 0 0 0 0 0 0 0 0 0 0 1 
1 1 1 1 1 1 1 1 1 1 1 1 1 1 1 1 1 
Camino: (4,0) -> (5,1) -> (6,2) -> (7,3) -> (8,3) -> (9,4) -> (9,5) -> (10,6) -> (10,7) -> (10,8) -> (11,9) -> (11,10) -> (12,11) -> (13,12) -> (13,13) -> (12,14) -> (12,15) -> (12,16) -> 
Coste: 103
Nodos generados: 305
Nodos inspeccionados: 185


Iteracion: 2
Instancia: M_2.txt Manhattan
Filas: 17 Columnas: 17
Entrada / Salida: (4,0) / (12,16)
1 1 1 1 1 1 1 1 1 1 1 1 1 1 1 1 1 
1 0 0 0 1 0 0 0 0 0 0 0 0 0 0 0 1 
1 0 0 0 1 0 0 0 0 0 0 0 0 0 0 0 1 
1 0 0 0 1 0 0 0 0 0 0 0 0 0 0 0 1 
* 0 0 0 1 0 0 0 1 0 0 0 1 1 1 1 1 
1 * 0 0 1 0 0 0 1 0 0 0 1 0 0 0 1 
1 * * 0 1 0 0 0 1 0 0 0 1 0 0 0 1 
1 0 * * 1 0 0 0 1 0 0 0 1 0 0 0 1 
1 0 0 * 1 1 1 1 1 0 0 0 1 0 0 0 1 
1 0 0 0 * * 0 0 0 0 0 0 1 0 0 0 1 
1 0 0 0 0 * * * * 0 0 0 1 0 0 0 1 
1 0 0 0 0 0 * * * * * 0 1 0 0 0 1 
1 0 0 0 1 1 1 1 1 * * * 1 * * * * 
1 0 0 0 1 0 0 0 0 0 0 0 * * 0 0 1 
1 0 0 0 1 0 0 0 0 0 0 0 0 0 0 0 1 
1 0 0 0 1 0 0 0 0 0 0 0 0 0 0 0 1 
1 1 1 1 1 1 1 1 1 1 1 1 1 1 1 1 1 
Camino: (4,0) -> (5,1) -> (6,2) -> (7,3) -> (8,3) -> (9,4) -> (10,5) -> (11,6) -> (11,7) -> (11,8) -> (11,9) -> (11,10) -> (12,11) -> (13,12) -> (12,13) -> (12,14) -> (12,15) -> (12,16) -> 
Coste: 103
Nodos generados: 459
Nodos inspeccionados: 276


Iteracion: 3
Instancia: M_2.txt Manhattan
Filas: 17 Columnas: 17
Entrada / Salida: (4,0) / (12,16)
1 1 1 1 1 1 1 1 1 1 1 1 1 1 1 1 1 
1 0 0 0 1 0 0 0 0 0 0 0 0 0 0 0 1 
1 0 0 0 1 0 0 0 0 0 0 0 0 0 0 0 1 
1 0 0 0 1 0 0 0 0 0 0 0 0 0 0 0 1 
* 0 0 0 1 0 0 0 1 0 0 0 1 1 1 1 1 
1 * 0 0 1 0 0 0 1 0 0 0 1 0 0 0 1 
1 * * 0 1 0 0 0 1 0 0 0 1 0 0 0 1 
1 0 * * 1 0 0 0 1 0 0 0 1 0 0 0 1 
1 0 0 * 1 1 1 1 1 0 0 0 1 0 0 0 1 
1 0 0 0 * * 0 0 0 0 0 0 1 0 0 0 1 
1 0 0 0 0 * * * * 0 0 0 1 0 0 0 1 
1 0 0 0 0 0 * * * * * 0 1 0 0 0 1 
1 0 0 0 1 1 1 1 1 * * * 1 * * * * 
1 0 0 0 1 0 0 0 0 0 0 0 * * 0 0 1 
1 0 0 0 1 0 0 0 0 0 0 0 0 0 0 0 1 
1 0 0 0 1 0 0 0 0 0 0 0 0 0 0 0 1 
1 1 1 1 1 1 1 1 1 1 1 1 1 1 1 1 1 
Camino: (4,0) -> (5,1) -> (6,2) -> (7,3) -> (8,3) -> (9,4) -> (10,5) -> (11,6) -> (11,7) -> (11,8) -> (12,9) -> (12,10) -> (12,11) -> (13,12) -> (12,13) -> (12,14) -> (12,15) -> (12,16) -> 
Coste: 103
Nodos generados: 607
Nodos inspeccionados: 367


Iteracion: 4
Instancia: M_2.txt Manhattan
Filas: 17 Columnas: 17
Entrada / Salida: (4,0) / (12,16)
1 1 1 1 1 1 1 1 1 1 1 1 1 1 1 1 1 
1 0 0 0 1 0 0 0 0 0 0 0 0 0 0 0 1 
1 0 0 0 1 0 0 0 0 0 0 0 0 0 0 0 1 
1 0 0 0 1 0 0 0 0 0 0 0 0 0 0 0 1 
* 0 0 0 1 0 0 0 1 0 0 0 1 1 1 1 1 
1 * 0 0 1 0 0 0 1 0 0 0 1 0 0 0 1 
1 * * 0 1 0 0 0 1 0 0 0 1 0 0 0 1 
1 0 * * 1 0 0 0 1 0 0 0 1 0 0 0 1 
1 0 0 * 1 1 1 1 1 0 0 0 1 0 0 0 1 
1 0 0 0 * * 0 0 0 0 0 0 1 0 0 0 1 
1 0 0 0 0 * * * * 0 0 0 1 0 0 0 1 
1 0 0 0 0 0 * * * * * 0 1 0 0 0 1 
1 0 0 0 1 1 1 1 1 * * * 1 * * * * 
1 0 0 0 1 0 0 0 0 0 0 * * * 0 0 1 
1 0 0 0 1 0 0 0 0 0 0 0 0 0 0 0 1 
1 0 0 0 1 0 0 0 0 0 0 0 0 0 0 0 1 
1 1 1 1 1 1 1 1 1 1 1 1 1 1 1 1 1 
Camino: (4,0) -> (5,1) -> (6,2) -> (7,3) -> (8,3) -> (9,4) -> (10,5) -> (11,6) -> (11,7) -> (11,8) -> (11,9) -> (12,10) -> (13,11) -> (13,12) -> (13,13) -> (12,14) -> (12,15) -> (12,16) -> 
Coste: 103
Nodos generados: 765
Nodos inspeccionados: 465


Iteracion: 5
Instancia: M_2.txt Manhattan
Filas: 17 Columnas: 17
Entrada / Salida: (4,0) / (12,16)
1 1 1 1 1 1 1 1 1 1 1 1 1 1 1 1 1 
1 0 0 0 1 0 0 0 0 0 0 0 0 0 0 0 1 
1 0 0 0 1 0 0 0 0 0 0 0 0 0 0 0 1 
1 0 0 0 1 0 0 0 0 0 0 0 0 0 0 0 1 
* 0 0 0 1 0 0 0 1 0 0 0 1 1 1 1 1 
1 * 0 0 1 0 0 0 1 0 0 0 1 0 0 0 1 
1 * * 0 1 0 0 0 1 0 0 0 1 0 0 0 1 
1 0 * * 1 0 0 0 1 0 0 0 1 0 0 0 1 
1 0 0 * 1 1 1 1 1 0 0 0 1 0 0 0 1 
1 0 0 0 * * 0 0 0 0 0 0 1 0 0 0 1 
1 0 0 0 0 * * * * 0 0 0 1 0 0 0 1 
1 0 0 0 0 0 * * * * * 0 1 0 0 0 1 
1 0 0 0 1 1 1 1 1 * * * 1 * * * * 
1 0 0 0 1 0 0 0 0 0 0 * * * * 0 1 
1 0 0 0 1 0 0 0 0 0 0 0 0 0 0 0 1 
1 0 0 0 1 0 0 0 0 0 0 0 0 0 0 0 1 
1 1 1 1 1 1 1 1 1 1 1 1 1 1 1 1 1 
Camino: (4,0) -> (5,1) -> (6,2) -> (7,2) -> (8,3) -> (9,4) -> (10,5) -> (11,6) -> (11,7) -> (11,8) -> (12,9) -> (12,10) -> (12,11) -> (13,12) -> (13,13) -> (13,14) -> (12,15) -> (12,16) -> 
Coste: 103
Nodos generados: 925
Nodos inspeccionados: 564


Iteracion: 6
Instancia: M_2.txt Manhattan
Filas: 17 Columnas: 17
Entrada / Salida: (4,0) / (12,16)
1 1 1 1 1 1 1 1 1 1 1 1 1 1 1 1 1 
1 0 0 0 1 0 0 0 0 0 0 0 0 0 0 0 1 
1 0 0 0 1 0 0 0 0 0 0 0 0 0 0 0 1 
1 0 0 0 1 0 0 0 0 0 0 0 0 0 0 0 1 
* 0 0 0 1 0 0 0 1 0 0 0 1 1 1 1 1 
1 * 0 0 1 0 0 0 1 0 0 0 1 0 0 0 1 
1 * * 0 1 0 0 0 1 0 0 0 1 0 0 0 1 
1 0 * * 1 0 0 0 1 0 0 0 1 0 0 0 1 
1 0 0 * 1 1 1 1 1 0 0 0 1 0 0 0 1 
1 0 0 0 * * 0 0 0 0 0 0 1 0 0 0 1 
1 0 0 0 0 * * * * 0 0 0 1 0 0 0 1 
1 0 0 0 0 0 * * * * * 0 1 0 0 0 1 
1 0 0 0 1 1 1 1 1 * * * 1 * * * * 
1 0 0 0 1 0 0 0 0 0 0 * * * * 0 1 
1 0 0 0 1 0 0 0 0 0 0 0 0 0 0 0 1 
1 0 0 0 1 0 0 0 0 0 0 0 0 0 0 0 1 
1 1 1 1 1 1 1 1 1 1 1 1 1 1 1 1 1 
Camino: (4,0) -> (5,1) -> (6,2) -> (7,3) -> (8,3) -> (9,4) -> (10,5) -> (11,6) -> (11,7) -> (11,8) -> (12,9) -> (12,10) -> (12,11) -> (13,12) -> (13,13) -> (13,14) -> (12,15) -> (12,16) -> 
Coste: 103
Nodos generados: 1072
Nodos inspeccionados: 654


Iteracion: 7
Instancia: M_2.txt Manhattan
Filas: 17 Columnas: 17
Entrada / Salida: (4,0) / (12,16)
1 1 1 1 1 1 1 1 1 1 1 1 1 1 1 1 1 
1 0 0 0 1 0 0 0 0 0 0 0 0 0 0 0 1 
1 0 0 0 1 0 0 0 0 0 0 0 0 0 0 0 1 
1 0 0 0 1 0 0 0 0 0 0 0 0 0 0 0 1 
* 0 0 0 1 0 0 0 1 0 0 0 1 1 1 1 1 
1 * 0 0 1 0 0 0 1 0 0 0 1 0 0 0 1 
1 * * 0 1 0 0 0 1 0 0 0 1 0 0 0 1 
1 0 * * 1 0 0 0 1 0 0 0 1 0 0 0 1 
1 0 0 * 1 1 1 1 1 0 0 0 1 0 0 0 1 
1 0 0 0 * * 0 0 0 0 0 0 1 0 0 0 1 
1 0 0 0 0 * * * * 0 0 0 1 0 0 0 1 
1 0 0 0 0 0 * * * * * 0 1 0 0 0 1 
1 0 0 0 1 1 1 1 1 * * * 1 * * * * 
1 0 0 0 1 0 0 0 0 0 0 * * * * 0 1 
1 0 0 0 1 0 0 0 0 0 0 0 0 0 0 0 1 
1 0 0 0 1 0 0 0 0 0 0 0 0 0 0 0 1 
1 1 1 1 1 1 1 1 1 1 1 1 1 1 1 1 1 
Camino: (4,0) -> (5,1) -> (6,2) -> (7,3) -> (8,3) -> (9,4) -> (10,5) -> (11,6) -> (11,7) -> (11,8) -> (12,9) -> (12,10) -> (12,11) -> (13,12) -> (12,13) -> (12,14) -> (12,15) -> (12,16) -> 
Coste: 103
Nodos generados: 1224
Nodos inspeccionados: 744


Iteracion: 8
Instancia: M_2.txt Manhattan
Filas: 17 Columnas: 17
Entrada / Salida: (4,0) / (12,16)
1 1 1 1 1 1 1 1 1 1 1 1 1 1 1 1 1 
1 0 0 0 1 0 0 0 0 0 0 0 0 0 0 0 1 
1 0 0 0 1 0 0 0 0 0 0 0 0 0 0 0 1 
1 0 0 0 1 0 0 0 0 0 0 0 0 0 0 0 1 
* 0 0 0 1 0 0 0 1 0 0 0 1 1 1 1 1 
1 * 0 0 1 0 0 0 1 0 0 0 1 0 0 0 1 
1 * * 0 1 0 0 0 1 0 0 0 1 0 0 0 1 
1 0 * * 1 0 0 0 1 0 0 0 1 0 0 0 1 
1 0 0 * 1 1 1 1 1 0 0 0 1 0 0 0 1 
1 0 0 0 * * 0 0 0 0 0 0 1 0 0 0 1 
1 0 0 0 0 * * * * * 0 0 1 0 0 0 1 
1 0 0 0 0 0 * * * * * 0 1 0 0 0 1 
1 0 0 0 1 1 1 1 1 * * * 1 * * * * 
1 0 0 0 1 0 0 0 0 0 0 * * * * 0 1 
1 0 0 0 1 0 0 0 0 0 0 0 0 0 0 0 1 
1 0 0 0 1 0 0 0 0 0 0 0 0 0 0 0 1 
1 1 1 1 1 1 1 1 1 1 1 1 1 1 1 1 1 
Camino: (4,0) -> (5,1) -> (6,1) -> (7,2) -> (8,3) -> (9,4) -> (10,5) -> (10,6) -> (10,7) -> (10,8) -> (10,9) -> (11,10) -> (12,11) -> (13,12) -> (13,13) -> (13,14) -> (12,15) -> (12,16) -> 
Coste: 103
Nodos generados: 1374
Nodos inspeccionados: 835


Iteracion: 9
Instancia: M_2.txt Manhattan
Filas: 17 Columnas: 17
Entrada / Salida: (4,0) / (12,16)
1 1 1 1 1 1 1 1 1 1 1 1 1 1 1 1 1 
1 0 0 0 1 0 0 0 0 0 0 0 0 0 0 0 1 
1 0 0 0 1 0 0 0 0 0 0 0 0 0 0 0 1 
1 0 0 0 1 0 0 0 0 0 0 0 0 0 0 0 1 
* 0 0 0 1 0 0 0 1 0 0 0 1 1 1 1 1 
1 * 0 0 1 0 0 0 1 0 0 0 1 0 0 0 1 
1 * * 0 1 0 0 0 1 0 0 0 1 0 0 0 1 
1 0 * * 1 0 0 0 1 0 0 0 1 0 0 0 1 
1 0 0 * 1 1 1 1 1 0 0 0 1 0 0 0 1 
1 0 0 0 * * 0 0 0 0 0 0 1 0 0 0 1 
1 0 0 0 0 * * * * * 0 0 1 0 0 0 1 
1 0 0 0 0 0 * * * * * 0 1 0 0 0 1 
1 0 0 0 1 1 1 1 1 * * * 1 * * * * 
1 0 0 0 1 0 0 0 0 0 0 * * * * 0 1 
1 0 0 0 1 0 0 0 0 0 0 0 0 0 0 0 1 
1 0 0 0 1 0 0 0 0 0 0 0 0 0 0 0 1 
1 1 1 1 1 1 1 1 1 1 1 1 1 1 1 1 1 
Camino: (4,0) -> (5,1) -> (6,2) -> (7,3) -> (8,3) -> (9,4) -> (10,5) -> (11,6) -> (11,7) -> (11,8) -> (11,9) -> (11,10) -> (12,11) -> (13,12) -> (13,13) -> (13,14) -> (12,15) -> (12,16) -> 
Coste: 103
Nodos generados: 1525
Nodos inspeccionados: 927


