Iteracion: 0
Instancia: Modificacion4.txt Manhattan
Filas: 14 Columnas: 18
Entrada / Salida: (13,11) / (0,15)
1 1 1 1 1 1 1 1 1 1 1 1 1 1 1 * 1 1 
1 0 0 1 0 1 0 0 0 0 0 0 0 0 0 * 0 1 
1 0 0 0 0 1 1 1 1 1 1 1 1 1 1 1 * 1 
1 0 0 0 0 1 0 0 0 0 1 0 0 0 0 1 * 1 
1 0 0 0 0 1 0 0 0 0 1 0 0 0 0 1 * 1 
1 0 0 0 0 0 1 1 1 0 1 0 0 0 0 1 * 1 
1 0 0 0 0 0 0 0 0 0 0 0 0 0 0 1 * 1 
1 0 0 0 0 0 * * * * * * * * * * 0 1 
1 0 0 0 0 * 0 0 0 0 0 0 0 0 0 0 0 1 
0 0 0 1 * 1 1 1 1 1 1 1 1 1 1 1 1 1 
1 0 0 0 0 * * * * 0 0 0 0 0 0 0 0 1 
1 0 0 0 0 0 0 0 0 * 0 0 0 0 0 0 0 1 
1 0 0 0 0 0 0 0 0 0 * 0 0 0 0 0 0 1 
1 1 1 1 1 1 1 1 1 1 1 * 1 1 1 1 1 1 
Camino: (13,11) -> (12,10) -> (11,9) -> (10,8) -> (10,7) -> (10,6) -> (10,5) -> (9,4) -> (8,5) -> (7,6) -> (7,7) -> (7,8) -> (7,9) -> (7,10) -> (7,11) -> (7,12) -> (7,13) -> (7,14) -> (7,15) -> (6,16) -> (5,16) -> (4,16) -> (3,16) -> (2,16) -> (1,15) -> (0,15) -> 
Coste: 141
Nodos generados: 204
Nodos inspeccionados: 147


Iteracion: 1
Instancia: Modificacion4.txt Manhattan
Filas: 14 Columnas: 18
Entrada / Salida: (13,11) / (0,15)
1 1 1 1 1 1 1 1 1 1 1 1 1 1 1 * 1 1 
1 0 0 1 0 1 0 0 0 0 0 0 0 0 0 * 0 1 
1 0 0 0 0 1 1 1 1 1 1 1 1 1 1 1 * 1 
1 0 0 0 0 1 0 0 0 0 1 0 0 0 0 1 * 1 
1 0 0 0 0 1 0 0 0 0 1 0 0 0 0 1 * 1 
1 0 0 0 0 0 1 1 1 0 1 0 0 0 0 1 * 1 
1 0 0 0 0 0 0 0 0 0 0 0 0 0 0 1 * 1 
1 0 0 0 0 0 * * * * * * * * * * 0 1 
1 0 0 0 0 * 0 0 0 0 0 0 0 0 0 0 0 1 
0 0 0 1 * 1 1 1 1 1 1 1 1 1 1 1 1 1 
1 0 0 0 0 * * * * 0 0 0 0 0 0 0 0 1 
1 0 0 0 0 0 0 0 0 * 0 0 0 0 0 0 0 1 
1 0 0 0 0 0 0 0 0 0 * 0 0 0 0 0 0 1 
1 1 1 1 1 1 1 1 1 1 1 * 1 1 1 1 1 1 
Camino: (13,11) -> (12,10) -> (11,9) -> (10,8) -> (10,7) -> (10,6) -> (10,5) -> (9,4) -> (8,5) -> (7,6) -> (7,7) -> (7,8) -> (7,9) -> (7,10) -> (7,11) -> (7,12) -> (7,13) -> (7,14) -> (7,15) -> (6,16) -> (5,16) -> (4,16) -> (3,16) -> (2,16) -> (1,15) -> (0,15) -> 
Coste: 141
Nodos generados: 406
Nodos inspeccionados: 294


Iteracion: 2
Instancia: Modificacion4.txt Manhattan
Filas: 14 Columnas: 18
Entrada / Salida: (13,11) / (0,15)
1 1 1 1 1 1 1 1 1 1 1 1 1 1 1 * 1 1 
1 0 0 1 0 1 0 0 0 0 0 0 0 0 0 * 0 1 
1 0 0 0 0 1 1 1 1 1 1 1 1 1 1 1 * 1 
1 0 0 0 0 1 0 0 0 0 1 0 0 0 0 1 * 1 
1 0 0 0 0 1 0 0 0 0 1 0 0 0 0 1 * 1 
1 0 0 0 0 0 1 1 1 0 1 0 0 0 0 1 * 1 
1 0 0 0 0 0 0 0 0 0 0 0 0 0 0 1 * 1 
1 0 0 0 0 0 * * * * * * * * * * 0 1 
1 0 0 0 0 * 0 0 0 0 0 0 0 0 0 0 0 1 
0 0 0 1 * 1 1 1 1 1 1 1 1 1 1 1 1 1 
1 0 0 0 0 * * * * 0 0 0 0 0 0 0 0 1 
1 0 0 0 0 0 0 * * * 0 0 0 0 0 0 0 1 
1 0 0 0 0 0 0 0 0 * * 0 0 0 0 0 0 1 
1 1 1 1 1 1 1 1 1 1 1 * 1 1 1 1 1 1 
Camino: (13,11) -> (12,10) -> (12,9) -> (11,8) -> (11,7) -> (10,6) -> (10,5) -> (9,4) -> (8,5) -> (7,6) -> (7,7) -> (7,8) -> (7,9) -> (7,10) -> (7,11) -> (7,12) -> (7,13) -> (7,14) -> (7,15) -> (6,16) -> (5,16) -> (4,16) -> (3,16) -> (2,16) -> (1,15) -> (0,15) -> 
Coste: 141
Nodos generados: 609
Nodos inspeccionados: 442


Iteracion: 3
Instancia: Modificacion4.txt Manhattan
Filas: 14 Columnas: 18
Entrada / Salida: (13,11) / (0,15)
1 1 1 1 1 1 1 1 1 1 1 1 1 1 1 * 1 1 
1 0 0 1 0 1 0 0 0 0 0 0 0 0 0 * 0 1 
1 0 0 0 0 1 1 1 1 1 1 1 1 1 1 1 * 1 
1 0 0 0 0 1 0 0 0 0 1 0 0 0 0 1 * 1 
1 0 0 0 0 1 0 0 0 0 1 0 0 0 0 1 * 1 
1 0 0 0 0 0 1 1 1 0 1 0 0 0 0 1 * 1 
1 0 0 0 0 0 0 0 0 0 0 0 0 0 0 1 * 1 
1 0 0 0 0 0 * * * * * * * * * * 0 1 
1 0 0 0 0 * * * * * * * * * * 0 0 1 
0 0 0 1 * 1 1 1 1 1 1 1 1 1 1 1 1 1 
1 0 0 0 0 * * * * 0 0 0 0 0 0 0 0 1 
1 0 0 0 0 0 0 * * * 0 0 0 0 0 0 0 1 
1 0 0 0 0 0 0 0 0 * * 0 0 0 0 0 0 1 
1 1 1 1 1 1 1 1 1 1 1 * 1 1 1 1 1 1 
Camino: (13,11) -> (12,10) -> (11,9) -> (10,8) -> (10,7) -> (10,6) -> (10,5) -> (9,4) -> (8,5) -> (8,6) -> (8,7) -> (8,8) -> (8,9) -> (8,10) -> (8,11) -> (8,12) -> (8,13) -> (8,14) -> (7,15) -> (6,16) -> (5,16) -> (4,16) -> (3,16) -> (2,16) -> (1,15) -> (0,15) -> 
Coste: 141
Nodos generados: 809
Nodos inspeccionados: 589


Iteracion: 4
Instancia: Modificacion4.txt Manhattan
Filas: 14 Columnas: 18
Entrada / Salida: (13,11) / (0,15)
1 1 1 1 1 1 1 1 1 1 1 1 1 1 1 * 1 1 
1 0 0 1 0 1 0 0 0 0 0 0 0 0 0 * 0 1 
1 0 0 0 0 1 1 1 1 1 1 1 1 1 1 1 * 1 
1 0 0 0 0 1 0 0 0 0 1 0 0 0 0 1 * 1 
1 0 0 0 0 1 0 0 0 0 1 0 0 0 0 1 * 1 
1 0 0 0 0 0 1 1 1 0 1 0 0 0 0 1 * 1 
1 0 0 0 0 0 0 0 0 0 0 0 0 0 0 1 * 1 
1 0 0 0 0 0 * * * * * * * * * * 0 1 
1 0 0 0 0 * * * * * * * * * * 0 0 1 
0 0 0 1 * 1 1 1 1 1 1 1 1 1 1 1 1 1 
1 0 0 0 0 * * * * 0 0 0 0 0 0 0 0 1 
1 0 0 0 0 0 0 * * * 0 0 0 0 0 0 0 1 
1 0 0 0 0 0 0 0 0 * * 0 0 0 0 0 0 1 
1 1 1 1 1 1 1 1 1 1 1 * 1 1 1 1 1 1 
Camino: (13,11) -> (12,10) -> (11,9) -> (11,8) -> (10,7) -> (10,6) -> (10,5) -> (9,4) -> (8,5) -> (8,6) -> (8,7) -> (8,8) -> (7,9) -> (7,10) -> (7,11) -> (7,12) -> (7,13) -> (7,14) -> (7,15) -> (6,16) -> (5,16) -> (4,16) -> (3,16) -> (2,16) -> (1,15) -> (0,15) -> 
Coste: 141
Nodos generados: 1014
Nodos inspeccionados: 737


Iteracion: 5
Instancia: Modificacion4.txt Manhattan
Filas: 14 Columnas: 18
Entrada / Salida: (13,11) / (0,15)
1 1 1 1 1 1 1 1 1 1 1 1 1 1 1 * 1 1 
1 0 0 1 0 1 0 0 0 0 0 0 0 0 0 * 0 1 
1 0 0 0 0 1 1 1 1 1 1 1 1 1 1 1 * 1 
1 0 0 0 0 1 0 0 0 0 1 0 0 0 0 1 * 1 
1 0 0 0 0 1 0 0 0 0 1 0 0 0 0 1 * 1 
1 0 0 0 0 0 1 1 1 0 1 0 0 0 0 1 * 1 
1 0 0 0 0 0 0 0 0 0 0 0 0 0 0 1 * 1 
1 0 0 0 0 0 * * * * * * * * * * 0 1 
1 0 0 0 0 * * * * * * * * * * 0 0 1 
0 0 0 1 * 1 1 1 1 1 1 1 1 1 1 1 1 1 
1 0 0 0 0 * * * * 0 0 0 0 0 0 0 0 1 
1 0 0 0 0 0 0 * * * 0 0 0 0 0 0 0 1 
1 0 0 0 0 0 0 0 0 * * 0 0 0 0 0 0 1 
1 1 1 1 1 1 1 1 1 1 1 * 1 1 1 1 1 1 
Camino: (13,11) -> (12,10) -> (11,9) -> (10,8) -> (10,7) -> (10,6) -> (10,5) -> (9,4) -> (8,5) -> (8,6) -> (8,7) -> (8,8) -> (8,9) -> (8,10) -> (8,11) -> (7,12) -> (7,13) -> (7,14) -> (7,15) -> (6,16) -> (5,16) -> (4,16) -> (3,16) -> (2,16) -> (1,15) -> (0,15) -> 
Coste: 141
Nodos generados: 1208
Nodos inspeccionados: 885


Iteracion: 6
Instancia: Modificacion4.txt Manhattan
Filas: 14 Columnas: 18
Entrada / Salida: (13,11) / (0,15)
1 1 1 1 1 1 1 1 1 1 1 1 1 1 1 * 1 1 
1 0 0 1 0 1 0 0 0 0 0 0 0 0 0 * 0 1 
1 0 0 0 0 1 1 1 1 1 1 1 1 1 1 1 * 1 
1 0 0 0 0 1 0 0 0 0 1 0 0 0 0 1 * 1 
1 0 0 0 0 1 0 0 0 0 1 0 0 0 0 1 * 1 
1 0 0 0 0 0 1 1 1 0 1 0 0 0 0 1 * 1 
1 0 0 0 0 0 0 0 0 0 0 0 0 0 0 1 * 1 
1 0 0 0 0 0 * * * * * * * * * * 0 1 
1 0 0 0 0 * * * * * * * * * * 0 0 1 
0 0 0 1 * 1 1 1 1 1 1 1 1 1 1 1 1 1 
1 0 0 0 0 * * * * 0 0 0 0 0 0 0 0 1 
1 0 0 0 0 0 * * * * 0 0 0 0 0 0 0 1 
1 0 0 0 0 0 0 0 * * * 0 0 0 0 0 0 1 
1 1 1 1 1 1 1 1 1 1 1 * 1 1 1 1 1 1 
Camino: (13,11) -> (12,10) -> (12,9) -> (12,8) -> (11,7) -> (11,6) -> (10,5) -> (9,4) -> (8,5) -> (8,6) -> (8,7) -> (8,8) -> (8,9) -> (8,10) -> (8,11) -> (8,12) -> (8,13) -> (8,14) -> (7,15) -> (6,16) -> (5,16) -> (4,16) -> (3,16) -> (2,16) -> (1,15) -> (0,15) -> 
Coste: 141
Nodos generados: 1408
Nodos inspeccionados: 1033


Iteracion: 7
Instancia: Modificacion4.txt Manhattan
Filas: 14 Columnas: 18
Entrada / Salida: (13,11) / (0,15)
1 1 1 1 1 1 1 1 1 1 1 1 1 1 1 * 1 1 
1 0 0 1 0 1 0 0 0 0 0 0 0 0 0 * 0 1 
1 0 0 0 0 1 1 1 1 1 1 1 1 1 1 1 * 1 
1 0 0 0 0 1 0 0 0 0 1 0 0 0 0 1 * 1 
1 0 0 0 0 1 0 0 0 0 1 0 0 0 0 1 * 1 
1 0 0 0 0 0 1 1 1 0 1 0 0 0 0 1 * 1 
1 0 0 0 0 0 0 0 0 0 0 0 0 0 0 1 * 1 
1 0 0 0 0 0 * * * * * * * * * * 0 1 
1 0 0 0 0 * * * * * * * * * * 0 0 1 
0 0 0 1 * 1 1 1 1 1 1 1 1 1 1 1 1 1 
1 0 0 0 0 * * * * 0 0 0 0 0 0 0 0 1 
1 0 0 0 0 0 * * * * 0 0 0 0 0 0 0 1 
1 0 0 0 0 0 0 0 * * * 0 0 0 0 0 0 1 
1 1 1 1 1 1 1 1 1 1 1 * 1 1 1 1 1 1 
Camino: (13,11) -> (12,10) -> (11,9) -> (11,8) -> (11,7) -> (10,6) -> (10,5) -> (9,4) -> (8,5) -> (8,6) -> (8,7) -> (8,8) -> (8,9) -> (8,10) -> (8,11) -> (8,12) -> (8,13) -> (8,14) -> (7,15) -> (6,16) -> (5,16) -> (4,16) -> (3,16) -> (2,16) -> (1,15) -> (0,15) -> 
Coste: 141
Nodos generados: 1604
Nodos inspeccionados: 1181


Iteracion: 8
Instancia: Modificacion4.txt Manhattan
Filas: 14 Columnas: 18
Entrada / Salida: (13,11) / (0,15)
1 1 1 1 1 1 1 1 1 1 1 1 1 1 1 * 1 1 
1 0 0 1 0 1 0 0 0 0 0 0 0 0 0 * 0 1 
1 0 0 0 0 1 1 1 1 1 1 1 1 1 1 1 * 1 
1 0 0 0 0 1 0 0 0 0 1 0 0 0 0 1 * 1 
1 0 0 0 0 1 0 0 0 0 1 0 0 0 0 1 * 1 
1 0 0 0 0 0 1 1 1 0 1 0 0 0 0 1 * 1 
1 0 0 0 0 0 0 0 0 0 0 0 0 0 0 1 * 1 
1 0 0 0 0 0 * * * * * * * * * * 0 1 
1 0 0 0 0 * * * * * * * * * * 0 0 1 
0 0 0 1 * 1 1 1 1 1 1 1 1 1 1 1 1 1 
1 0 0 0 0 * * * * 0 0 0 0 0 0 0 0 1 
1 0 0 0 0 0 * * * * 0 0 0 0 0 0 0 1 
1 0 0 0 0 0 0 * * * * 0 0 0 0 0 0 1 
1 1 1 1 1 1 1 1 1 1 1 * 1 1 1 1 1 1 
Camino: (13,11) -> (12,10) -> (12,9) -> (12,8) -> (12,7) -> (11,6) -> (10,5) -> (9,4) -> (8,5) -> (8,6) -> (8,7) -> (8,8) -> (8,9) -> (8,10) -> (8,11) -> (8,12) -> (8,13) -> (7,14) -> (7,15) -> (6,16) -> (5,16) -> (4,16) -> (3,16) -> (2,16) -> (1,15) -> (0,15) -> 
Coste: 141
Nodos generados: 1807
Nodos inspeccionados: 1327


Iteracion: 9
Instancia: Modificacion4.txt Manhattan
Filas: 14 Columnas: 18
Entrada / Salida: (13,11) / (0,15)
1 1 1 1 1 1 1 1 1 1 1 1 1 1 1 * 1 1 
1 0 0 1 0 1 0 0 0 0 0 0 0 0 0 * 0 1 
1 0 0 0 0 1 1 1 1 1 1 1 1 1 1 1 * 1 
1 0 0 0 0 1 0 0 0 0 1 0 0 0 0 1 * 1 
1 0 0 0 0 1 0 0 0 0 1 0 0 0 0 1 * 1 
1 0 0 0 0 0 1 1 1 0 1 0 0 0 0 1 * 1 
1 0 0 0 0 0 0 0 0 0 0 0 0 0 0 1 * 1 
1 0 0 0 0 0 * * * * * * * * * * 0 1 
1 0 0 0 0 * * * * * * * * * * 0 0 1 
0 0 0 1 * 1 1 1 1 1 1 1 1 1 1 1 1 1 
1 0 0 0 0 * * * * 0 0 0 0 0 0 0 0 1 
1 0 0 0 0 0 * * * * 0 0 0 0 0 0 0 1 
1 0 0 0 0 0 0 * * * * 0 0 0 0 0 0 1 
1 1 1 1 1 1 1 1 1 1 1 * 1 1 1 1 1 1 
Camino: (13,11) -> (12,10) -> (12,9) -> (12,8) -> (12,7) -> (11,6) -> (10,5) -> (9,4) -> (8,5) -> (8,6) -> (8,7) -> (8,8) -> (7,9) -> (7,10) -> (7,11) -> (7,12) -> (7,13) -> (7,14) -> (7,15) -> (6,16) -> (5,16) -> (4,16) -> (3,16) -> (2,16) -> (1,15) -> (0,15) -> 
Coste: 141
Nodos generados: 2005
Nodos inspeccionados: 1474


